/*--------------------------------*- C++ -*----------------------------------*\
  =========                 |
  \\      /  F ield         | OpenFOAM: The Open Source CFD Toolbox
   \\    /   O peration     | Website:  https://openfoam.org
    \\  /    A nd           | Version:  12
     \\/     M anipulation  |
\*---------------------------------------------------------------------------*/
FoamFile
{
    format      ascii;
    class       volVectorField;
    location    "9";
    object      U;
}
// * * * * * * * * * * * * * * * * * * * * * * * * * * * * * * * * * * * * * //

dimensions      [0 1 -1 0 0 0 0];

internalField   nonuniform List<vector> 
1600
(
(0.00138335 -0.00117639 0)
(0.00686823 -0.00177694 0)
(0.0119222 -0.00141761 0)
(0.0148854 -0.000184101 0)
(0.0150523 0.000397025 0)
(0.01441 0.000166461 0)
(0.0135795 -0.000701795 0)
(0.0134102 -0.00128727 0)
(0.0130127 -0.00126164 0)
(0.0117167 -0.00093277 0)
(0.00879585 -0.000741438 0)
(0.00119742 0.000162178 0)
(-0.0101615 0.00248254 0)
(-0.0229186 0.00868764 0)
(-0.0505388 0.0142511 0)
(-0.0757759 0.0138397 0)
(-0.0986959 0.0126687 0)
(-0.118155 0.0108941 0)
(-0.134356 0.00914673 0)
(-0.147487 0.0073927 0)
(-0.157567 0.00572867 0)
(-0.164868 0.00411169 0)
(-0.168892 0.00263727 0)
(-0.17044 0.00117451 0)
(-0.169207 -0.00123108 0)
(-0.164252 -0.00281867 0)
(-0.156353 -0.00514549 0)
(-0.144338 -0.00697413 0)
(-0.128898 -0.00929785 0)
(-0.109851 -0.0115725 0)
(-0.0873529 -0.0138303 0)
(-0.0621515 -0.0153013 0)
(-0.0355011 -0.0156192 0)
(-0.00826802 -0.0141912 0)
(0.0137896 -0.011999 0)
(0.0301769 -0.00482144 0)
(0.0319298 0.00313573 0)
(0.0254511 0.005328 0)
(0.0123159 0.00472576 0)
(0.00259461 0.00320475 0)
(0.00241339 -0.00682859 0)
(0.0115378 -0.00983012 0)
(0.0172519 -0.00695773 0)
(0.0203967 -0.00254976 0)
(0.0205009 0.000712287 0)
(0.0182128 0.00181071 0)
(0.0143346 0.001552 0)
(0.00905018 0.00184074 0)
(0.000739005 0.00342754 0)
(-0.012187 0.00651756 0)
(-0.0309434 0.0122662 0)
(-0.0588437 0.0216262 0)
(-0.090816 0.0307488 0)
(-0.118291 0.0366081 0)
(-0.140695 0.0359781 0)
(-0.16014 0.033161 0)
(-0.176278 0.029013 0)
(-0.18969 0.0244973 0)
(-0.200379 0.019972 0)
(-0.208599 0.0155519 0)
(-0.214371 0.0112912 0)
(-0.217839 0.00709629 0)
(-0.218997 0.00294687 0)
(-0.217916 -0.00136439 0)
(-0.214277 -0.00603248 0)
(-0.208199 -0.0108663 0)
(-0.199326 -0.0160244 0)
(-0.187466 -0.0214434 0)
(-0.172282 -0.0271221 0)
(-0.153116 -0.0325848 0)
(-0.130952 -0.0377718 0)
(-0.10585 -0.041682 0)
(-0.0784061 -0.0426716 0)
(-0.0499729 -0.0395742 0)
(-0.0225295 -0.0310352 0)
(0.000826691 -0.01479 0)
(0.0168552 0.0037307 0)
(0.0171144 0.0118129 0)
(0.0102684 0.0143005 0)
(0.00159994 0.011102 0)
(0.00375066 -0.0156516 0)
(0.0123898 -0.0174207 0)
(0.01563 -0.0111741 0)
(0.0162708 -0.0030759 0)
(0.0140117 0.00275607 0)
(0.00881291 0.00582488 0)
(-0.000339017 0.00807213 0)
(-0.0144488 0.0127895 0)
(-0.0352817 0.0217641 0)
(-0.063159 0.0338442 0)
(-0.0940534 0.0453562 0)
(-0.1222 0.0523217 0)
(-0.146192 0.0553053 0)
(-0.165039 0.0547922 0)
(-0.18058 0.0512576 0)
(-0.193124 0.0462009 0)
(-0.203353 0.0400721 0)
(-0.211575 0.0337065 0)
(-0.218064 0.0272997 0)
(-0.222905 0.0210577 0)
(-0.226327 0.014653 0)
(-0.228108 0.0086178 0)
(-0.228295 0.00249415 0)
(-0.226762 -0.00366867 0)
(-0.223567 -0.0101305 0)
(-0.218611 -0.0170259 0)
(-0.211777 -0.0246409 0)
(-0.202815 -0.0329649 0)
(-0.191609 -0.0421209 0)
(-0.177742 -0.0514248 0)
(-0.160721 -0.0603023 0)
(-0.140246 -0.0673573 0)
(-0.116347 -0.0703383 0)
(-0.0902574 -0.0681501 0)
(-0.0621847 -0.0574034 0)
(-0.033712 -0.0365797 0)
(-0.00662416 -0.00637294 0)
(0.0016158 0.0118308 0)
(0.0018464 0.0187983 0)
(-0.000268857 0.0147887 0)
(0.00418176 -0.0246564 0)
(0.00881982 -0.0219323 0)
(0.00882908 -0.0113239 0)
(0.00555402 -0.000129892 0)
(-0.00077693 0.00857796 0)
(-0.0116504 0.0160624 0)
(-0.0285278 0.0248913 0)
(-0.0516607 0.0367677 0)
(-0.0796424 0.0506379 0)
(-0.109353 0.0630631 0)
(-0.135807 0.0709998 0)
(-0.156213 0.0737019 0)
(-0.172293 0.0727405 0)
(-0.18449 0.0687085 0)
(-0.194481 0.0628248 0)
(-0.202255 0.0558298 0)
(-0.208608 0.0482187 0)
(-0.213732 0.0402429 0)
(-0.218104 0.032149 0)
(-0.221358 0.0242412 0)
(-0.223482 0.0167441 0)
(-0.224371 0.00916952 0)
(-0.224116 0.00161743 0)
(-0.222704 -0.00611025 0)
(-0.220144 -0.0140702 0)
(-0.216307 -0.0224914 0)
(-0.211139 -0.0315199 0)
(-0.204509 -0.0412841 0)
(-0.196265 -0.0518435 0)
(-0.186383 -0.0635017 0)
(-0.174687 -0.0756271 0)
(-0.160893 -0.0873139 0)
(-0.144272 -0.0959537 0)
(-0.122644 -0.0973663 0)
(-0.0963003 -0.0882272 0)
(-0.0656957 -0.0657767 0)
(-0.0295808 -0.0275236 0)
(-0.00756188 0.00456682 0)
(-0.00241335 0.0165905 0)
(-0.000330672 0.0142478 0)
(0.00237721 -0.0291487 0)
(0.00297123 -0.0216058 0)
(-0.00168911 -0.00679776 0)
(-0.0091902 0.0074232 0)
(-0.0206765 0.0205033 0)
(-0.0373836 0.0336281 0)
(-0.0598733 0.0483551 0)
(-0.0865686 0.0642188 0)
(-0.114041 0.078173 0)
(-0.138289 0.0871471 0)
(-0.156528 0.0900445 0)
(-0.170301 0.0888012 0)
(-0.180879 0.084561 0)
(-0.188807 0.0780888 0)
(-0.195166 0.0703563 0)
(-0.200215 0.0616506 0)
(-0.204513 0.0526274 0)
(-0.20775 0.0436587 0)
(-0.209849 0.0348984 0)
(-0.210942 0.0262379 0)
(-0.211371 0.0177438 0)
(-0.211096 0.00929477 0)
(-0.210236 0.000854134 0)
(-0.20875 -0.00777979 0)
(-0.206493 -0.0167108 0)
(-0.203522 -0.0261807 0)
(-0.199795 -0.0363577 0)
(-0.195288 -0.0474071 0)
(-0.189911 -0.0593797 0)
(-0.183532 -0.0721781 0)
(-0.175908 -0.0855026 0)
(-0.166637 -0.0986162 0)
(-0.155514 -0.110985 0)
(-0.141373 -0.119203 0)
(-0.121426 -0.117735 0)
(-0.0933404 -0.10041 0)
(-0.0572962 -0.0643164 0)
(-0.0172816 -0.0135332 0)
(-0.00229639 0.01103 0)
(0.000710636 0.0132013 0)
(-0.000755773 -0.029692 0)
(-0.00490978 -0.0161842 0)
(-0.0136866 0.00182165 0)
(-0.0254614 0.0198175 0)
(-0.0415162 0.0375748 0)
(-0.0623143 0.0556624 0)
(-0.0868718 0.0738202 0)
(-0.112209 0.0897818 0)
(-0.134708 0.100568 0)
(-0.15157 0.104451 0)
(-0.163729 0.103232 0)
(-0.173001 0.0988747 0)
(-0.179756 0.0921019 0)
(-0.184775 0.0838285 0)
(-0.188542 0.0746303 0)
(-0.191069 0.0650314 0)
(-0.192699 0.0552889 0)
(-0.19356 0.0455633 0)
(-0.193962 0.0360139 0)
(-0.194051 0.0267004 0)
(-0.193651 0.0176302 0)
(-0.192854 0.00867339 0)
(-0.19164 -0.000254771 0)
(-0.189979 -0.00932655 0)
(-0.18785 -0.0186993 0)
(-0.185336 -0.0285834 0)
(-0.182454 -0.0391752 0)
(-0.179253 -0.0506836 0)
(-0.17574 -0.0632768 0)
(-0.171895 -0.0770169 0)
(-0.167583 -0.0917141 0)
(-0.162465 -0.106772 0)
(-0.155856 -0.120931 0)
(-0.146609 -0.132358 0)
(-0.133256 -0.138403 0)
(-0.112718 -0.13179 0)
(-0.0822401 -0.105042 0)
(-0.0383655 -0.0519544 0)
(-0.00509171 -0.00178311 0)
(0.00167901 0.0124628 0)
(-0.00405271 -0.0240045 0)
(-0.0127392 -0.00677125 0)
(-0.0251569 0.0144194 0)
(-0.0406289 0.0361516 0)
(-0.0599668 0.0579565 0)
(-0.0823038 0.0789774 0)
(-0.105633 0.0975058 0)
(-0.126865 0.110848 0)
(-0.142981 0.116818 0)
(-0.154064 0.116354 0)
(-0.162175 0.112177 0)
(-0.167925 0.105355 0)
(-0.171774 0.0967488 0)
(-0.174319 0.0871141 0)
(-0.175818 0.0768708 0)
(-0.176566 0.066423 0)
(-0.176848 0.0560133 0)
(-0.176778 0.0458148 0)
(-0.176462 0.0359044 0)
(-0.175875 0.026259 0)
(-0.175 0.0168353 0)
(-0.173853 0.00753019 0)
(-0.172413 -0.00175051 0)
(-0.170673 -0.0111336 0)
(-0.168642 -0.0207942 0)
(-0.166375 -0.0308969 0)
(-0.163933 -0.0416246 0)
(-0.161394 -0.0531679 0)
(-0.158834 -0.0657166 0)
(-0.156307 -0.0794232 0)
(-0.153803 -0.0943265 0)
(-0.151152 -0.110191 0)
(-0.147821 -0.126275 0)
(-0.142702 -0.140903 0)
(-0.134064 -0.151303 0)
(-0.119872 -0.153424 0)
(-0.0976277 -0.13943 0)
(-0.0635065 -0.0987388 0)
(-0.0146457 -0.0239326 0)
(0.00266202 0.0113283 0)
(-0.00703921 -0.0142027 0)
(-0.0191886 0.00681212 0)
(-0.0344287 0.0303896 0)
(-0.0528174 0.0551679 0)
(-0.0735055 0.0793182 0)
(-0.0951558 0.100857 0)
(-0.115504 0.117461 0)
(-0.131596 0.126617 0)
(-0.14233 0.127908 0)
(-0.149691 0.124355 0)
(-0.154813 0.117786 0)
(-0.157994 0.109053 0)
(-0.159822 0.0990583 0)
(-0.160701 0.0883742 0)
(-0.160921 0.0774038 0)
(-0.160766 0.0664782 0)
(-0.160382 0.0557621 0)
(-0.159833 0.0453506 0)
(-0.159139 0.0352463 0)
(-0.158275 0.0254012 0)
(-0.15723 0.0157512 0)
(-0.155979 0.00620509 0)
(-0.154506 -0.0033272 0)
(-0.152796 -0.0129638 0)
(-0.150869 -0.0228422 0)
(-0.148766 -0.0331078 0)
(-0.146559 -0.0439209 0)
(-0.144343 -0.0554555 0)
(-0.142231 -0.0678959 0)
(-0.140329 -0.081415 0)
(-0.138693 -0.0961244 0)
(-0.137256 -0.111981 0)
(-0.135671 -0.128613 0)
(-0.133069 -0.14507 0)
(-0.127939 -0.159296 0)
(-0.118322 -0.167475 0)
(-0.102213 -0.16348 0)
(-0.076622 -0.137022 0)
(-0.0332702 -0.0679263 0)
(0.000376372 0.000380275 0)
(-0.00874925 -0.000543824 0)
(-0.0238776 0.0235713 0)
(-0.0410433 0.0486188 0)
(-0.0607084 0.074959 0)
(-0.0812327 0.0996887 0)
(-0.101011 0.120048 0)
(-0.117701 0.133325 0)
(-0.128869 0.137606 0)
(-0.136104 0.135432 0)
(-0.140945 0.129464 0)
(-0.143923 0.120966 0)
(-0.145427 0.110815 0)
(-0.146006 0.0998268 0)
(-0.145964 0.0884744 0)
(-0.145578 0.0771165 0)
(-0.14503 0.0659739 0)
(-0.144391 0.0551325 0)
(-0.143688 0.04462 0)
(-0.142908 0.0344012 0)
(-0.142024 0.0244195 0)
(-0.141002 0.0146064 0)
(-0.139805 0.00486966 0)
(-0.138409 -0.00487348 0)
(-0.136794 -0.0147218 0)
(-0.134972 -0.0247855 0)
(-0.132975 -0.0351782 0)
(-0.13087 -0.0460306 0)
(-0.128754 -0.0574911 0)
(-0.126754 -0.0697352 0)
(-0.12501 -0.0829618 0)
(-0.12364 -0.0973654 0)
(-0.12267 -0.11306 0)
(-0.121915 -0.12994 0)
(-0.120762 -0.147456 0)
(-0.117898 -0.164195 0)
(-0.111493 -0.177083 0)
(-0.0998983 -0.180329 0)
(-0.0808285 -0.16559 0)
(-0.0505457 -0.115121 0)
(-0.00698754 -0.0149315 0)
(-0.00975648 0.0154466 0)
(-0.0265721 0.041909 0)
(-0.0445273 0.0676708 0)
(-0.0643954 0.0943893 0)
(-0.0838336 0.118517 0)
(-0.101307 0.136452 0)
(-0.11347 0.144862 0)
(-0.121524 0.14536 0)
(-0.126478 0.140492 0)
(-0.129595 0.132566 0)
(-0.131179 0.122571 0)
(-0.131709 0.111409 0)
(-0.131634 0.0997733 0)
(-0.131195 0.0880537 0)
(-0.130615 0.0765254 0)
(-0.129986 0.0653087 0)
(-0.129346 0.0544313 0)
(-0.128693 0.0438757 0)
(-0.127997 0.0335868 0)
(-0.127219 0.0234983 0)
(-0.126317 0.0135379 0)
(-0.125253 0.00362271 0)
(-0.123992 -0.00632728 0)
(-0.12252 -0.0163902 0)
(-0.120833 -0.0266549 0)
(-0.118955 -0.0372075 0)
(-0.116933 -0.0481449 0)
(-0.11485 -0.0595801 0)
(-0.11282 -0.0716561 0)
(-0.110989 -0.0845587 0)
(-0.109505 -0.0985194 0)
(-0.108468 -0.113783 0)
(-0.107841 -0.130503 0)
(-0.107274 -0.148551 0)
(-0.105739 -0.167123 0)
(-0.101381 -0.18378 0)
(-0.0927664 -0.192822 0)
(-0.0779912 -0.187211 0)
(-0.0548674 -0.150887 0)
(-0.0158466 -0.0428629 0)
(-0.0101859 0.0325949 0)
(-0.0275089 0.0609536 0)
(-0.0452405 0.0866469 0)
(-0.0644197 0.112862 0)
(-0.0823498 0.13532 0)
(-0.0964989 0.149279 0)
(-0.105347 0.153504 0)
(-0.111529 0.150959 0)
(-0.114889 0.143903 0)
(-0.116922 0.134396 0)
(-0.117686 0.123272 0)
(-0.117747 0.111415 0)
(-0.117422 0.0993872 0)
(-0.116911 0.0874924 0)
(-0.116366 0.0759138 0)
(-0.115831 0.0646961 0)
(-0.115318 0.0538246 0)
(-0.114805 0.0432508 0)
(-0.114255 0.0329063 0)
(-0.113624 0.0227191 0)
(-0.112871 0.0126175 0)
(-0.111959 0.00252782 0)
(-0.110858 -0.00762415 0)
(-0.109551 -0.0179025 0)
(-0.108028 -0.028378 0)
(-0.106302 -0.0391175 0)
(-0.1044 -0.0501906 0)
(-0.102381 -0.0616789 0)
(-0.100333 -0.07369 0)
(-0.0983826 -0.0863814 0)
(-0.0966782 -0.0999834 0)
(-0.0953591 -0.114805 0)
(-0.0944865 -0.131175 0)
(-0.0939237 -0.149281 0)
(-0.0929967 -0.168895 0)
(-0.0899817 -0.188601 0)
(-0.0833389 -0.2025 0)
(-0.0714183 -0.204249 0)
(-0.0513101 -0.180583 0)
(-0.0190969 -0.093147 0)
(-0.00992329 0.0496643 0)
(-0.0268351 0.0796622 0)
(-0.0436726 0.104717 0)
(-0.0614979 0.129686 0)
(-0.0775893 0.149818 0)
(-0.0882357 0.159232 0)
(-0.0954633 0.160273 0)
(-0.0999917 0.155086 0)
(-0.102394 0.146269 0)
(-0.103765 0.135492 0)
(-0.104123 0.123533 0)
(-0.104036 0.111212 0)
(-0.103702 0.0989586 0)
(-0.10329 0.0869966 0)
(-0.10289 0.0754252 0)
(-0.102519 0.0642343 0)
(-0.102171 0.0533771 0)
(-0.101814 0.0427843 0)
(-0.10141 0.0323808 0)
(-0.100921 0.0220933 0)
(-0.10031 0.0118531 0)
(-0.0995452 0.00159435 0)
(-0.0986045 -0.00874987 0)
(-0.0974699 -0.0192368 0)
(-0.0961297 -0.0299236 0)
(-0.0945856 -0.0408644 0)
(-0.0928488 -0.0521094 0)
(-0.0909511 -0.0637138 0)
(-0.0889506 -0.0757511 0)
(-0.0869409 -0.0883414 0)
(-0.0850519 -0.10169 0)
(-0.0834329 -0.116128 0)
(-0.0822031 -0.132098 0)
(-0.0813591 -0.150033 0)
(-0.0805652 -0.170102 0)
(-0.0784929 -0.191702 0)
(-0.0728331 -0.210833 0)
(-0.0634663 -0.217692 0)
(-0.0461337 -0.203595 0)
(-0.0160951 -0.127368 0)
(-0.00916118 0.0660367 0)
(-0.0249425 0.0974348 0)
(-0.0404212 0.121493 0)
(-0.0567493 0.144899 0)
(-0.0702092 0.161551 0)
(-0.0783838 0.167281 0)
(-0.084431 0.165574 0)
(-0.0877907 0.158243 0)
(-0.0896451 0.147998 0)
(-0.0906402 0.136213 0)
(-0.0908609 0.123646 0)
(-0.0908019 0.111016 0)
(-0.0905811 0.0986368 0)
(-0.0903356 0.0866584 0)
(-0.0901111 0.0751109 0)
(-0.0899094 0.063945 0)
(-0.0897142 0.05309 0)
(-0.0894931 0.042465 0)
(-0.089213 0.0319931 0)
(-0.0888433 0.0216029 0)
(-0.0883555 0.01123 0)
(-0.0877259 0.000813822 0)
(-0.0869392 -0.00970636 0)
(-0.0859789 -0.0203848 0)
(-0.0848327 -0.0312718 0)
(-0.0834946 -0.0424143 0)
(-0.0819626 -0.0538515 0)
(-0.0802469 -0.0656204 0)
(-0.0783762 -0.0777677 0)
(-0.0764091 -0.090376 0)
(-0.0744437 -0.103611 0)
(-0.0726162 -0.117786 0)
(-0.0710714 -0.133402 0)
(-0.0698868 -0.151091 0)
(-0.068928 -0.171341 0)
(-0.0673077 -0.194123 0)
(-0.0625818 -0.217564 0)
(-0.0550155 -0.229346 0)
(-0.040388 -0.224376 0)
(-0.014252 -0.161154 0)
(-0.00800455 0.0809249 0)
(-0.0222572 0.113707 0)
(-0.0360547 0.136569 0)
(-0.0506056 0.158055 0)
(-0.0612834 0.17095 0)
(-0.0678444 0.173939 0)
(-0.0729405 0.169827 0)
(-0.0754805 0.16076 0)
(-0.0770301 0.149355 0)
(-0.077831 0.136782 0)
(-0.0780637 0.123773 0)
(-0.0781115 0.110931 0)
(-0.0780466 0.0984777 0)
(-0.0779736 0.0864972 0)
(-0.07791 0.0749663 0)
(-0.077851 0.0638079 0)
(-0.0777769 0.0529358 0)
(-0.0776607 0.0422641 0)
(-0.0774773 0.0317168 0)
(-0.077205 0.021226 0)
(-0.0768247 0.0107313 0)
(-0.07632 0.000175525 0)
(-0.075681 -0.0104985 0)
(-0.0748946 -0.0213442 0)
(-0.0739484 -0.0324102 0)
(-0.0728317 -0.0437409 0)
(-0.0715331 -0.0553711 0)
(-0.0700462 -0.0673272 0)
(-0.068376 -0.0796363 0)
(-0.0665503 -0.0923489 0)
(-0.064634 -0.105588 0)
(-0.0627384 -0.119624 0)
(-0.0610115 -0.134965 0)
(-0.0595807 -0.15237 0)
(-0.0584272 -0.172617 0)
(-0.0570668 -0.196156 0)
(-0.0535617 -0.222065 0)
(-0.0463844 -0.239794 0)
(-0.0351921 -0.240248 0)
(-0.0116805 -0.18673 0)
(-0.00675022 0.094076 0)
(-0.0190399 0.128107 0)
(-0.0309496 0.149639 0)
(-0.0434578 0.169001 0)
(-0.0516623 0.178628 0)
(-0.0573919 0.17947 0)
(-0.0613758 0.173293 0)
(-0.0634 0.162843 0)
(-0.064755 0.150505 0)
(-0.0654683 0.137321 0)
(-0.0657755 0.123984 0)
(-0.0659478 0.110987 0)
(-0.0660331 0.098481 0)
(-0.0661057 0.0864925 0)
(-0.0661689 0.07496 0)
(-0.0662158 0.063788 0)
(-0.0662292 0.0528811 0)
(-0.0661899 0.0421527 0)
(-0.0660816 0.0315289 0)
(-0.0658912 0.0209454 0)
(-0.0656076 0.0103445 0)
(-0.0652213 -0.000328884 0)
(-0.0647262 -0.0111305 0)
(-0.0641126 -0.0221149 0)
(-0.0633695 -0.0333326 0)
(-0.0624837 -0.0448294 0)
(-0.061438 -0.0566406 0)
(-0.0602145 -0.0687887 0)
(-0.0588003 -0.0812881 0)
(-0.0571987 -0.0941634 0)
(-0.0554448 -0.107495 0)
(-0.0536222 -0.121503 0)
(-0.0518675 -0.136663 0)
(-0.0503336 -0.1538 0)
(-0.0490728 -0.173953 0)
(-0.0478252 -0.197935 0)
(-0.0451847 -0.225607 0)
(-0.0388147 -0.249219 0)
(-0.0307111 -0.254817 0)
(-0.0102136 -0.210724 0)
(-0.00520936 0.104808 0)
(-0.0154812 0.140335 0)
(-0.0254873 0.160719 0)
(-0.0358201 0.177843 0)
(-0.0420559 0.184906 0)
(-0.0469475 0.183943 0)
(-0.0500176 0.176141 0)
(-0.0516993 0.164609 0)
(-0.052906 0.151535 0)
(-0.0535839 0.13788 0)
(-0.0539738 0.124294 0)
(-0.0542546 0.111175 0)
(-0.0544597 0.0986182 0)
(-0.0546388 0.0866072 0)
(-0.0547899 0.0750536 0)
(-0.0549075 0.06385 0)
(-0.0549801 0.0528969 0)
(-0.0549967 0.0421085 0)
(-0.0549489 0.0314135 0)
(-0.0548311 0.0207502 0)
(-0.0546384 0.0100626 0)
(-0.0543669 -0.000703916 0)
(-0.0540134 -0.0116048 0)
(-0.0535718 -0.022697 0)
(-0.053033 -0.034035 0)
(-0.0523834 -0.0456688 0)
(-0.0516031 -0.0576382 0)
(-0.0506673 -0.0699669 0)
(-0.0495506 -0.0826629 0)
(-0.0482374 -0.0957311 0)
(-0.0467387 -0.109214 0)
(-0.0451124 -0.123276 0)
(-0.0434799 -0.138339 0)
(-0.0420131 -0.15524 0)
(-0.040829 -0.175208 0)
(-0.0397608 -0.19937 0)
(-0.0378287 -0.228013 0)
(-0.0329692 -0.256328 0)
(-0.0258939 -0.266674 0)
(-0.00857 -0.229548 0)
(-0.00384918 0.113443 0)
(-0.0117982 0.150403 0)
(-0.0199273 0.169812 0)
(-0.0280498 0.184761 0)
(-0.0326351 0.189904 0)
(-0.0366891 0.187508 0)
(-0.0390077 0.178476 0)
(-0.0404225 0.166122 0)
(-0.0414945 0.15248 0)
(-0.0421519 0.138466 0)
(-0.0426038 0.124686 0)
(-0.0429612 0.111462 0)
(-0.0432467 0.09885 0)
(-0.0434923 0.0868015 0)
(-0.0436956 0.075211 0)
(-0.0438548 0.0639647 0)
(-0.0439649 0.0529613 0)
(-0.0440226 0.0421165 0)
(-0.0440263 0.031361 0)
(-0.043976 0.0206346 0)
(-0.0438718 0.00988217 0)
(-0.0437137 -0.00095139 0)
(-0.0435012 -0.0119226 0)
(-0.0432312 -0.0230909 0)
(-0.0428967 -0.0345159 0)
(-0.0424856 -0.0462535 0)
(-0.0419783 -0.0583504 0)
(-0.0413468 -0.070836 0)
(-0.0405584 -0.0837173 0)
(-0.0395842 -0.0969854 0)
(-0.0384153 -0.110649 0)
(-0.0370858 -0.124817 0)
(-0.0356969 -0.139845 0)
(-0.0344209 -0.156542 0)
(-0.0334186 -0.176272 0)
(-0.0326004 -0.200503 0)
(-0.031273 -0.22998 0)
(-0.0276903 -0.262024 0)
(-0.0226181 -0.277256 0)
(-0.00744866 -0.247109 0)
(-0.00212853 0.119283 0)
(-0.00804416 0.158149 0)
(-0.0142827 0.176831 0)
(-0.0203256 0.189949 0)
(-0.0235237 0.193731 0)
(-0.0267116 0.190265 0)
(-0.0283894 0.180366 0)
(-0.0295548 0.167413 0)
(-0.030488 0.153347 0)
(-0.0311154 0.139064 0)
(-0.0315966 0.12513 0)
(-0.0319941 0.111811 0)
(-0.0323211 0.0991366 0)
(-0.0325974 0.0870391 0)
(-0.0328232 0.0754023 0)
(-0.0330011 0.0641093 0)
(-0.0331327 0.0530584 0)
(-0.0332212 0.0421667 0)
(-0.0332704 0.0313657 0)
(-0.0332849 0.0205961 0)
(-0.0332684 0.00980223 0)
(-0.0332238 -0.00107185 0)
(-0.0331526 -0.0120842 0)
(-0.0330542 -0.0232971 0)
(-0.0329243 -0.0347748 0)
(-0.032753 -0.04658 0)
(-0.0325228 -0.058768 0)
(-0.0322064 -0.0713767 0)
(-0.0317681 -0.0844171 0)
(-0.0311708 -0.0978726 0)
(-0.0303915 -0.111725 0)
(-0.029445 -0.12603 0)
(-0.0284133 -0.141068 0)
(-0.0274595 -0.157586 0)
(-0.0267649 -0.177011 0)
(-0.0263093 -0.201167 0)
(-0.0256499 -0.231367 0)
(-0.0233127 -0.265664 0)
(-0.0194317 -0.285646 0)
(-0.00628311 -0.261345 0)
(-0.000940523 0.123154 0)
(-0.00436225 0.163688 0)
(-0.00868456 0.181833 0)
(-0.0127437 0.193543 0)
(-0.0147842 0.196519 0)
(-0.0170229 0.192263 0)
(-0.0181402 0.181821 0)
(-0.0190493 0.16848 0)
(-0.0198293 0.154121 0)
(-0.0204042 0.139646 0)
(-0.0208793 0.125589 0)
(-0.0212817 0.112182 0)
(-0.0216157 0.0994429 0)
(-0.0218933 0.0872901 0)
(-0.022118 0.075604 0)
(-0.0222969 0.0642665 0)
(-0.0224377 0.0531767 0)
(-0.0225489 0.0422519 0)
(-0.0226392 0.0314241 0)
(-0.0227164 0.0206332 0)
(-0.022787 0.00982266 0)
(-0.0228563 -0.00106489 0)
(-0.0229273 -0.0120894 0)
(-0.0230015 -0.0233153 0)
(-0.023077 -0.0348114 0)
(-0.023147 -0.046647 0)
(-0.0231969 -0.0588861 0)
(-0.0232026 -0.0715769 0)
(-0.0231295 -0.0847382 0)
(-0.0229367 -0.0983515 0)
(-0.0225919 -0.112377 0)
(-0.0220931 -0.126824 0)
(-0.0215026 -0.141895 0)
(-0.0209673 -0.15826 0)
(-0.0206791 -0.177358 0)
(-0.0206907 -0.201312 0)
(-0.0207372 -0.231985 0)
(-0.0195264 -0.268409 0)
(-0.0171478 -0.292925 0)
(-0.0054295 -0.274638 0)
(0.000951118 0.124096 0)
(-0.00067697 0.166991 0)
(-0.00311849 0.18489 0)
(-0.0053654 0.195698 0)
(-0.00633183 0.198224 0)
(-0.0076185 0.193546 0)
(-0.00821119 0.182868 0)
(-0.00884199 0.169319 0)
(-0.00944847 0.154784 0)
(-0.00994276 0.140181 0)
(-0.0103784 0.12603 0)
(-0.0107554 0.112545 0)
(-0.0110684 0.0997399 0)
(-0.0113239 0.0875303 0)
(-0.0115286 0.0757969 0)
(-0.0116941 0.0644226 0)
(-0.0118336 0.0533066 0)
(-0.0119604 0.0423663 0)
(-0.012087 0.0315326 0)
(-0.0122242 0.0207445 0)
(-0.012381 0.00994349 0)
(-0.0125643 -0.000929411 0)
(-0.0127787 -0.0119363 0)
(-0.0130273 -0.0231439 0)
(-0.0133102 -0.0346247 0)
(-0.013623 -0.0464533 0)
(-0.0139555 -0.0587016 0)
(-0.0142889 -0.0714288 0)
(-0.0145917 -0.0846642 0)
(-0.0148245 -0.0983925 0)
(-0.0149499 -0.112561 0)
(-0.0149528 -0.127135 0)
(-0.014876 -0.142246 0)
(-0.0148469 -0.15847 0)
(-0.0150577 -0.17722 0)
(-0.0156301 -0.200868 0)
(-0.0164041 -0.231775 0)
(-0.0162037 -0.269702 0)
(-0.0150445 -0.298485 0)
(-0.00457043 -0.285646 0)
(0.00213643 0.122793 0)
(0.00284903 0.168091 0)
(0.0023232 0.186128 0)
(0.00177483 0.196529 0)
(0.00188783 0.198937 0)
(0.0015671 0.194105 0)
(0.0014724 0.183442 0)
(0.00113795 0.169888 0)
(0.000729075 0.155302 0)
(0.000343585 0.140639 0)
(-2.44622e-05 0.126424 0)
(-0.000349878 0.112872 0)
(-0.000617805 0.100004 0)
(-0.000831953 0.0877407 0)
(-0.00100142 0.0759666 0)
(-0.00114179 0.0645664 0)
(-0.00127077 0.0534399 0)
(-0.00140599 0.0425039 0)
(-0.00156348 0.0316875 0)
(-0.00175689 0.0209277 0)
(-0.00199743 0.010164 0)
(-0.00229384 -0.000664798 0)
(-0.00265248 -0.011623 0)
(-0.00307758 -0.0227796 0)
(-0.00357049 -0.0342101 0)
(-0.0041294 -0.0459938 0)
(-0.00474843 -0.0582101 0)
(-0.00541338 -0.0709272 0)
(-0.00609886 -0.0841842 0)
(-0.00677291 -0.0979733 0)
(-0.00739637 -0.112236 0)
(-0.0079429 -0.126906 0)
(-0.00843782 -0.142043 0)
(-0.00898623 -0.158132 0)
(-0.00977324 -0.176532 0)
(-0.0109795 -0.199789 0)
(-0.0125413 -0.230802 0)
(-0.013282 -0.270129 0)
(-0.0134787 -0.303115 0)
(-0.00390645 -0.295963 0)
(0.00341406 0.119381 0)
(0.0063504 0.167094 0)
(0.00764451 0.185716 0)
(0.00868963 0.196038 0)
(0.00993549 0.198493 0)
(0.0105236 0.194028 0)
(0.0109528 0.18361 0)
(0.0109596 0.170187 0)
(0.0107752 0.155654 0)
(0.010526 0.140992 0)
(0.0102528 0.126743 0)
(0.0100012 0.113141 0)
(0.0097958 0.100217 0)
(0.00963778 0.0879059 0)
(0.00951629 0.0760996 0)
(0.00941215 0.0646868 0)
(0.00930339 0.0535677 0)
(0.00916827 0.0426576 0)
(0.00898721 0.0318834 0)
(0.00874363 0.0211791 0)
(0.00842399 0.0104818 0)
(0.00801737 -0.000272395 0)
(0.00751587 -0.0111497 0)
(0.00691419 -0.0222218 0)
(0.00620914 -0.033566 0)
(0.0053995 -0.0452652 0)
(0.00448839 -0.0574043 0)
(0.0034862 -0.0700602 0)
(0.00240894 -0.0832846 0)
(0.00128099 -0.0970777 0)
(0.000138655 -0.111376 0)
(-0.000988145 -0.12609 0)
(-0.00210745 -0.141228 0)
(-0.0032988 -0.157174 0)
(-0.00473192 -0.175212 0)
(-0.00662576 -0.198007 0)
(-0.00902259 -0.22897 0)
(-0.0105788 -0.269348 0)
(-0.0120604 -0.306403 0)
(-0.00322625 -0.304641 0)
(0.00482045 0.11326 0)
(0.00986622 0.163976 0)
(0.0128732 0.183662 0)
(0.0153977 0.194253 0)
(0.0177745 0.197036 0)
(0.0192859 0.193208 0)
(0.0202957 0.183331 0)
(0.0206769 0.170183 0)
(0.0207457 0.155814 0)
(0.0206643 0.141217 0)
(0.0205124 0.126969 0)
(0.0203555 0.113331 0)
(0.0202299 0.100361 0)
(0.0201425 0.0880119 0)
(0.0200817 0.0761849 0)
(0.0200254 0.0647741 0)
(0.0199477 0.0536808 0)
(0.0198227 0.0428188 0)
(0.0196272 0.0321122 0)
(0.0193417 0.0214919 0)
(0.0189499 0.0108918 0)
(0.0184388 0.00024529 0)
(0.0177984 -0.010517 0)
(0.0170216 -0.0214689 0)
(0.0161031 -0.0326902 0)
(0.0150397 -0.0442663 0)
(0.0138324 -0.0562846 0)
(0.0124845 -0.0688266 0)
(0.0110029 -0.0819545 0)
(0.00940957 -0.0956821 0)
(0.00772971 -0.109949 0)
(0.00598961 -0.124652 0)
(0.00419758 -0.139749 0)
(0.00230256 -0.155532 0)
(0.000157096 -0.173193 0)
(-0.00249124 -0.19548 0)
(-0.00580701 -0.226343 0)
(-0.00808903 -0.267671 0)
(-0.0109719 -0.308869 0)
(-0.00263872 -0.312786 0)
(0.00620197 0.104894 0)
(0.0133312 0.158824 0)
(0.018007 0.180049 0)
(0.0219272 0.19123 0)
(0.0255329 0.194478 0)
(0.0277468 0.191591 0)
(0.0294726 0.182633 0)
(0.0303062 0.169861 0)
(0.0306751 0.155747 0)
(0.0308022 0.141282 0)
(0.0308039 0.127074 0)
(0.0307689 0.113423 0)
(0.030745 0.100422 0)
(0.030745 0.0880454 0)
(0.0307587 0.0762096 0)
(0.0307626 0.064816 0)
(0.0307275 0.0537676 0)
(0.030624 0.0429768 0)
(0.0304251 0.0323644 0)
(0.0301077 0.0218577 0)
(0.0296527 0.011387 0)
(0.0290443 0.000882733 0)
(0.0282703 -0.00972807 0)
(0.0273215 -0.0205212 0)
(0.0261906 -0.0315781 0)
(0.0248723 -0.0429868 0)
(0.0233625 -0.0548379 0)
(0.0216592 -0.0672175 0)
(0.0197662 -0.0801905 0)
(0.0176922 -0.0937772 0)
(0.015449 -0.107931 0)
(0.0130655 -0.122548 0)
(0.0105559 -0.137554 0)
(0.00790392 -0.153147 0)
(0.00498424 -0.170408 0)
(0.00152004 -0.192135 0)
(-0.00279473 -0.222823 0)
(-0.0057118 -0.265043 0)
(-0.010173 -0.309995 0)
(-0.00178271 -0.319791 0)
(0.00748966 0.0942471 0)
(0.0166872 0.151624 0)
(0.0230022 0.174893 0)
(0.0282458 0.186985 0)
(0.0329023 0.191156 0)
(0.0360746 0.189016 0)
(0.0384692 0.181301 0)
(0.0398575 0.169143 0)
(0.0405834 0.155403 0)
(0.0409686 0.141143 0)
(0.041169 0.127024 0)
(0.0412913 0.113392 0)
(0.0413967 0.100379 0)
(0.0415059 0.0879895 0)
(0.0416122 0.0761595 0)
(0.0416919 0.0647996 0)
(0.0417139 0.0538161 0)
(0.0416456 0.0431199 0)
(0.0414563 0.0326288 0)
(0.0411194 0.0222662 0)
(0.0406122 0.0119585 0)
(0.0399162 0.00163234 0)
(0.039016 -0.0087884 0)
(0.0379 -0.0193819 0)
(0.0365585 -0.0302313 0)
(0.0349827 -0.0414257 0)
(0.0331656 -0.0530565 0)
(0.0311008 -0.0652121 0)
(0.0287821 -0.0779643 0)
(0.0262043 -0.0913412 0)
(0.0233755 -0.105301 0)
(0.0203151 -0.119745 0)
(0.0170391 -0.134586 0)
(0.0135744 -0.149955 0)
(0.0098194 -0.166804 0)
(0.0054694 -0.187946 0)
(7.58885e-05 -0.218432 0)
(-0.00341571 -0.261608 0)
(-0.0094731 -0.310252 0)
(-0.00107161 -0.326433 0)
(0.0086195 0.0814167 0)
(0.019822 0.14248 0)
(0.0277509 0.168278 0)
(0.0342636 0.181594 0)
(0.039865 0.186858 0)
(0.0441405 0.185634 0)
(0.0471992 0.179236 0)
(0.0492713 0.167959 0)
(0.0504526 0.15472 0)
(0.0511694 0.14075 0)
(0.0516297 0.126776 0)
(0.0519598 0.113201 0)
(0.052235 0.100204 0)
(0.0524856 0.0878223 0)
(0.0527101 0.0760163 0)
(0.052887 0.0647089 0)
(0.0529847 0.053811 0)
(0.0529685 0.0432336 0)
(0.0528045 0.0328916 0)
(0.0524627 0.0227045 0)
(0.0519167 0.0125945 0)
(0.051145 0.00248462 0)
(0.0501287 -0.00770511 0)
(0.0488528 -0.018055 0)
(0.0473044 -0.0286497 0)
(0.0454711 -0.0395796 0)
(0.0433411 -0.0509363 0)
(0.0409021 -0.0628075 0)
(0.0381396 -0.0752637 0)
(0.0350399 -0.0883413 0)
(0.0315941 -0.102015 0)
(0.0278122 -0.116199 0)
(0.0237213 -0.130798 0)
(0.0193805 -0.145888 0)
(0.0147204 -0.162307 0)
(0.00940663 -0.182848 0)
(0.00289151 -0.213102 0)
(-0.00109464 -0.257226 0)
(-0.00878672 -0.309297 0)
(-0.000145951 -0.332258 0)
(0.00941137 0.0664708 0)
(0.0225676 0.131327 0)
(0.0320276 0.160155 0)
(0.0397945 0.17506 0)
(0.0463826 0.181529 0)
(0.0516548 0.181513 0)
(0.0555919 0.176287 0)
(0.0584309 0.166165 0)
(0.0602084 0.153599 0)
(0.0613693 0.14002 0)
(0.0621793 0.126262 0)
(0.0627926 0.112796 0)
(0.0632985 0.0998532 0)
(0.0637387 0.0875099 0)
(0.0641197 0.075753 0)
(0.0644245 0.0645212 0)
(0.0646233 0.0537329 0)
(0.0646809 0.0433003 0)
(0.0645614 0.0331367 0)
(0.0642323 0.0231576 0)
(0.0636632 0.0132818 0)
(0.0628297 0.003428 0)
(0.0617091 -0.0064875 0)
(0.0602821 -0.0165465 0)
(0.0585319 -0.0268352 0)
(0.0564415 -0.0374447 0)
(0.053993 -0.0484654 0)
(0.0511674 -0.0599831 0)
(0.047941 -0.0720675 0)
(0.044288 -0.0847585 0)
(0.0401866 -0.0980409 0)
(0.0356427 -0.111856 0)
(0.0306765 -0.126125 0)
(0.0253889 -0.140882 0)
(0.0197289 -0.156838 0)
(0.0133558 -0.176763 0)
(0.00569257 -0.206779 0)
(0.00126116 -0.252023 0)
(-0.00850147 -0.307588 0)
(0.000724531 -0.337879 0)
(0.0095948 0.0498769 0)
(0.0245615 0.118381 0)
(0.0355524 0.150586 0)
(0.044598 0.167397 0)
(0.052225 0.175157 0)
(0.0584904 0.176416 0)
(0.0634316 0.172448 0)
(0.0671632 0.163612 0)
(0.0697127 0.151899 0)
(0.0714796 0.13884 0)
(0.0727729 0.125389 0)
(0.0737783 0.112102 0)
(0.074604 0.0992661 0)
(0.0753054 0.0870035 0)
(0.0758997 0.0753306 0)
(0.0763774 0.0642053 0)
(0.0767133 0.0535558 0)
(0.0768741 0.043298 0)
(0.0768237 0.0333447 0)
(0.0765285 0.0236084 0)
(0.0759544 0.0140051 0)
(0.0750749 0.00444936 0)
(0.0738629 -0.00514589 0)
(0.0722939 -0.0148632 0)
(0.0703468 -0.02479 0)
(0.0679985 -0.0350173 0)
(0.0652237 -0.0456328 0)
(0.0619947 -0.0567195 0)
(0.0582782 -0.0683434 0)
(0.0540367 -0.0805479 0)
(0.0492358 -0.0933319 0)
(0.043875 -0.106665 0)
(0.0379727 -0.120493 0)
(0.0316595 -0.13485 0)
(0.0249059 -0.15031 0)
(0.0174026 -0.169576 0)
(0.00851443 -0.19928 0)
(0.00368625 -0.245724 0)
(-0.00831474 -0.304942 0)
(0.00186019 -0.342884 0)
(0.00828665 0.0322011 0)
(0.0253091 0.103436 0)
(0.0378904 0.139325 0)
(0.0483318 0.158529 0)
(0.0571025 0.167781 0)
(0.0644048 0.170271 0)
(0.0704349 0.167585 0)
(0.0752227 0.160107 0)
(0.0787511 0.149419 0)
(0.0813385 0.137037 0)
(0.0833017 0.124016 0)
(0.0848551 0.111001 0)
(0.0861288 0.0983488 0)
(0.0871956 0.0862284 0)
(0.0880863 0.0746904 0)
(0.0888028 0.063715 0)
(0.0893276 0.0532433 0)
(0.0896326 0.0431973 0)
(0.0896842 0.0334912 0)
(0.0894493 0.0240363 0)
(0.0888921 0.0147472 0)
(0.0879838 0.00553467 0)
(0.0866935 -0.00369057 0)
(0.084991 -0.013011 0)
(0.0828501 -0.0225144 0)
(0.0802404 -0.0322908 0)
(0.0771278 -0.0424235 0)
(0.0734743 -0.0529917 0)
(0.0692355 -0.064057 0)
(0.0643626 -0.0756665 0)
(0.0588106 -0.0878326 0)
(0.0525751 -0.100562 0)
(0.0456709 -0.113834 0)
(0.0382526 -0.1277 0)
(0.0303074 -0.142628 0)
(0.0215897 -0.161225 0)
(0.0114166 -0.190601 0)
(0.00613493 -0.238254 0)
(-0.0085498 -0.301643 0)
(0.00314414 -0.34756 0)
(0.00444409 0.0164208 0)
(0.0239188 0.0870557 0)
(0.038601 0.126338 0)
(0.0506327 0.148287 0)
(0.0606787 0.159324 0)
(0.069088 0.163023 0)
(0.0762784 0.16155 0)
(0.0822986 0.155445 0)
(0.0870413 0.145927 0)
(0.0907077 0.134395 0)
(0.0935823 0.121956 0)
(0.0958923 0.10934 0)
(0.0977894 0.0969738 0)
(0.0993661 0.0850812 0)
(0.100671 0.0737498 0)
(0.10172 0.062985 0)
(0.102508 0.0527441 0)
(0.103015 0.0429579 0)
(0.103213 0.0335447 0)
(0.103073 0.0244163 0)
(0.10256 0.0154889 0)
(0.101642 0.00666883 0)
(0.100287 -0.002132 0)
(0.0984578 -0.0109938 0)
(0.0961229 -0.0200058 0)
(0.0932444 -0.0292547 0)
(0.0897778 -0.0388173 0)
(0.0856729 -0.0487688 0)
(0.0808742 -0.059166 0)
(0.0753229 -0.0700624 0)
(0.0689655 -0.0814846 0)
(0.0617965 -0.0934834 0)
(0.0538256 -0.106073 0)
(0.0452288 -0.119353 0)
(0.0359918 -0.133702 0)
(0.0260201 -0.151633 0)
(0.0145453 -0.180645 0)
(0.00868035 -0.229501 0)
(-0.00897621 -0.297256 0)
(0.0049573 -0.35136 0)
(0.00129323 0.00735886 0)
(0.0194461 0.0681821 0)
(0.0372449 0.11149 0)
(0.0510506 0.136543 0)
(0.062546 0.149658 0)
(0.0721675 0.154631 0)
(0.0805866 0.154233 0)
(0.0879887 0.149402 0)
(0.0941885 0.141131 0)
(0.0992328 0.130623 0)
(0.103319 0.118951 0)
(0.106657 0.106899 0)
(0.109411 0.0949602 0)
(0.111691 0.083414 0)
(0.113569 0.0723894 0)
(0.115079 0.0619208 0)
(0.116233 0.0519841 0)
(0.117021 0.042523 0)
(0.117429 0.0334616 0)
(0.117429 0.0247167 0)
(0.116996 0.0162062 0)
(0.116092 0.00783554 0)
(0.114684 -0.000480946 0)
(0.112734 -0.0088139 0)
(0.110202 -0.0172579 0)
(0.107042 -0.0258933 0)
(0.1032 -0.0347885 0)
(0.0986125 -0.0440149 0)
(0.0932143 -0.0536246 0)
(0.0869384 -0.0636824 0)
(0.0797257 -0.0742291 0)
(0.0715728 -0.0853652 0)
(0.0624795 -0.0971417 0)
(0.0526454 -0.109725 0)
(0.042029 -0.123452 0)
(0.030773 -0.140773 0)
(0.0179784 -0.169487 0)
(0.0114514 -0.219655 0)
(-0.00944167 -0.291962 0)
(0.00738198 -0.354392 0)
(0.000213561 -9.24829e-06 0)
(0.014017 0.0481135 0)
(0.0338516 0.094739 0)
(0.0491711 0.123021 0)
(0.0621957 0.138488 0)
(0.0732116 0.144929 0)
(0.0829989 0.145542 0)
(0.0919057 0.141836 0)
(0.0997582 0.134783 0)
(0.106462 0.125412 0)
(0.112085 0.114696 0)
(0.116771 0.103406 0)
(0.120671 0.0920784 0)
(0.123906 0.0810378 0)
(0.126567 0.0704557 0)
(0.128709 0.0603991 0)
(0.130366 0.0508659 0)
(0.131545 0.0418168 0)
(0.132247 0.0331842 0)
(0.132449 0.024895 0)
(0.132139 0.0168698 0)
(0.131279 0.00901778 0)
(0.129837 0.00126243 0)
(0.127773 -0.00646348 0)
(0.125037 -0.0142563 0)
(0.121579 -0.0221843 0)
(0.117339 -0.0303067 0)
(0.11224 -0.0386925 0)
(0.10621 -0.0473902 0)
(0.099177 -0.0564808 0)
(0.0910781 -0.0660197 0)
(0.081916 -0.0761604 0)
(0.0716676 -0.0869888 0)
(0.0605705 -0.0987637 0)
(0.0485117 -0.11183 0)
(0.0359862 -0.128658 0)
(0.0218717 -0.1572 0)
(0.0147707 -0.208768 0)
(-0.00940674 -0.285756 0)
(0.0108435 -0.35644 0)
(4.41452e-05 -0.00546461 0)
(0.00926652 0.0308302 0)
(0.0284379 0.0772431 0)
(0.0446406 0.107798 0)
(0.0591104 0.125665 0)
(0.0716959 0.133696 0)
(0.0830382 0.135295 0)
(0.0936016 0.132554 0)
(0.103289 0.126632 0)
(0.111894 0.118446 0)
(0.119352 0.108839 0)
(0.125713 0.0985206 0)
(0.131078 0.08802 0)
(0.135561 0.0776884 0)
(0.139261 0.0677297 0)
(0.142252 0.0582426 0)
(0.14459 0.049249 0)
(0.146302 0.0407306 0)
(0.147406 0.0326316 0)
(0.147898 0.0248924 0)
(0.147769 0.01744 0)
(0.146995 0.0101913 0)
(0.145548 0.00308393 0)
(0.143371 -0.00394667 0)
(0.140425 -0.0109941 0)
(0.136663 -0.0181116 0)
(0.132013 -0.0253507 0)
(0.126393 -0.0327795 0)
(0.119724 -0.0404433 0)
(0.111941 -0.0484434 0)
(0.102968 -0.0568474 0)
(0.0928252 -0.0658629 0)
(0.0814361 -0.0756099 0)
(0.0691132 -0.0864683 0)
(0.0556054 -0.0988614 0)
(0.041914 -0.115402 0)
(0.0265157 -0.14398 0)
(0.0189842 -0.196991 0)
(-0.00848801 -0.279185 0)
(0.0154295 -0.358007 0)
(0.0002427 -0.00927364 0)
(0.00523816 0.0177622 0)
(0.0210534 0.0606005 0)
(0.0370469 0.0915457 0)
(0.0526699 0.111083 0)
(0.0670702 0.1207 0)
(0.0802549 0.123354 0)
(0.0926581 0.121462 0)
(0.104314 0.116519 0)
(0.114994 0.109484 0)
(0.124514 0.101082 0)
(0.13282 0.091917 0)
(0.139946 0.0824674 0)
(0.145969 0.073075 0)
(0.150981 0.0639577 0)
(0.155066 0.0552368 0)
(0.158293 0.0469572 0)
(0.160715 0.0391212 0)
(0.16236 0.0316923 0)
(0.163252 0.0246233 0)
(0.163384 0.0178564 0)
(0.162752 0.0113146 0)
(0.161347 0.00495146 0)
(0.159088 -0.00131748 0)
(0.155953 -0.00750861 0)
(0.151907 -0.0137005 0)
(0.146872 -0.0199462 0)
(0.140774 -0.0263095 0)
(0.133525 -0.0328321 0)
(0.12508 -0.0396331 0)
(0.115326 -0.0467884 0)
(0.104333 -0.0545561 0)
(0.0919066 -0.0630929 0)
(0.0785163 -0.0729411 0)
(0.0636554 -0.0846791 0)
(0.0490512 -0.101169 0)
(0.0323872 -0.129998 0)
(0.0246628 -0.184515 0)
(-0.0064411 -0.272121 0)
(0.0212989 -0.359141 0)
(6.22156e-05 -0.0112991 0)
(0.00119935 0.0103481 0)
(0.0116823 0.046639 0)
(0.0263732 0.0757044 0)
(0.0424405 0.0951348 0)
(0.0585607 0.105638 0)
(0.0740156 0.109312 0)
(0.0886863 0.108338 0)
(0.102515 0.104337 0)
(0.115362 0.0983787 0)
(0.127047 0.0911968 0)
(0.137439 0.0833073 0)
(0.146507 0.075104 0)
(0.154284 0.0668835 0)
(0.160834 0.0588458 0)
(0.166235 0.0511202 0)
(0.170558 0.0437688 0)
(0.17387 0.0368084 0)
(0.176215 0.0302238 0)
(0.177633 0.0239782 0)
(0.178137 0.018034 0)
(0.177736 0.0123293 0)
(0.176417 0.0068219 0)
(0.174169 0.00144642 0)
(0.170966 -0.00380578 0)
(0.166738 -0.00900038 0)
(0.161427 -0.014183 0)
(0.155008 -0.0194105 0)
(0.147356 -0.0247237 0)
(0.13849 -0.0302487 0)
(0.128195 -0.0360652 0)
(0.116674 -0.0424774 0)
(0.103487 -0.0496797 0)
(0.0894388 -0.0584358 0)
(0.0735007 -0.0695188 0)
(0.0584329 -0.0862001 0)
(0.0405201 -0.115321 0)
(0.0325628 -0.171195 0)
(-0.00316014 -0.264354 0)
(0.028622 -0.359297 0)
(-0.00247768 -0.0105878 0)
(-0.00578958 0.00813396 0)
(-0.000222847 0.0362626 0)
(0.0123655 0.0611324 0)
(0.0283063 0.0784367 0)
(0.0458303 0.0885854 0)
(0.0635743 0.0928005 0)
(0.0808988 0.0927883 0)
(0.0973365 0.0898755 0)
(0.112584 0.0850862 0)
(0.126504 0.079146 0)
(0.139021 0.0725707 0)
(0.150073 0.0657115 0)
(0.159669 0.0588205 0)
(0.167848 0.0520677 0)
(0.174672 0.0455634 0)
(0.180217 0.0393674 0)
(0.184555 0.0335031 0)
(0.187745 0.0279646 0)
(0.18984 0.0227304 0)
(0.190875 0.0177712 0)
(0.190874 0.0130476 0)
(0.189843 0.00852365 0)
(0.187801 0.00417661 0)
(0.184706 -6.1232e-05 0)
(0.180564 -0.00420779 0)
(0.17528 -0.00829232 0)
(0.168922 -0.0123592 0)
(0.161266 -0.0164474 0)
(0.152494 -0.0206701 0)
(0.142172 -0.0250975 0)
(0.130808 -0.0300897 0)
(0.117489 -0.035836 0)
(0.103665 -0.0434117 0)
(0.087257 -0.0536211 0)
(0.0724527 -0.0703979 0)
(0.0528925 -0.0992548 0)
(0.0439617 -0.155925 0)
(0.00200471 -0.253875 0)
(0.0381269 -0.354317 0)
(-0.00860282 -0.00355718 0)
(-0.0183547 0.0117856 0)
(-0.0163114 0.0307836 0)
(-0.00582309 0.048651 0)
(0.0100927 0.0616629 0)
(0.0291233 0.0696272 0)
(0.0490239 0.0734703 0)
(0.0689126 0.074095 0)
(0.0881095 0.0724365 0)
(0.106006 0.0691532 0)
(0.122303 0.0648135 0)
(0.136948 0.0598889 0)
(0.14995 0.054668 0)
(0.161329 0.0493627 0)
(0.171137 0.0441143 0)
(0.179443 0.0390169 0)
(0.186319 0.0341355 0)
(0.191844 0.029499 0)
(0.196085 0.0251161 0)
(0.199116 0.0209879 0)
(0.200974 0.0170929 0)
(0.201726 0.0134111 0)
(0.201365 0.00992445 0)
(0.199965 0.00660133 0)
(0.197465 0.00341004 0)
(0.193972 0.000334095 0)
(0.189326 -0.00263648 0)
(0.18376 -0.00557629 0)
(0.176882 -0.0084952 0)
(0.169196 -0.0114955 0)
(0.15985 -0.0145878 0)
(0.149941 -0.0182171 0)
(0.137686 -0.0224247 0)
(0.125586 -0.0286359 0)
(0.10961 -0.0373357 0)
(0.0958654 -0.0531993 0)
(0.0735503 -0.0802429 0)
(0.0621252 -0.136211 0)
(0.0129966 -0.235382 0)
(0.0523419 -0.335445 0)
(-0.0207728 0.0148075 0)
(-0.0345302 0.0210324 0)
(-0.0355168 0.0262211 0)
(-0.0266142 0.0353544 0)
(-0.0112674 0.0438381 0)
(0.00865838 0.049341 0)
(0.0306034 0.0522236 0)
(0.0527255 0.0530763 0)
(0.0743453 0.0524371 0)
(0.0948628 0.0506718 0)
(0.113851 0.0478838 0)
(0.131111 0.0444581 0)
(0.146606 0.0407285 0)
(0.160319 0.036943 0)
(0.172307 0.0332188 0)
(0.182614 0.029653 0)
(0.191341 0.0262693 0)
(0.19858 0.0230812 0)
(0.204407 0.0200793 0)
(0.208945 0.0172634 0)
(0.212243 0.0146253 0)
(0.214426 0.0121381 0)
(0.215475 0.00979174 0)
(0.215553 0.00758045 0)
(0.214558 0.00548447 0)
(0.212738 0.00348587 0)
(0.209811 0.00158364 0)
(0.206208 -0.000287483 0)
(0.201393 -0.00209067 0)
(0.196242 -0.00402821 0)
(0.189336 -0.00597265 0)
(0.18253 -0.00841774 0)
(0.172779 -0.0110636 0)
(0.163941 -0.0156024 0)
(0.149012 -0.021634 0)
(0.13709 -0.0348027 0)
(0.110608 -0.0572112 0)
(0.0961951 -0.109061 0)
(0.0403402 -0.200125 0)
(0.0772081 -0.289904 0)
(-0.0224645 0.0443201 0)
(-0.0315209 0.0219663 0)
(-0.0300707 0.0164715 0)
(-0.0197376 0.0182656 0)
(-0.00401515 0.0209115 0)
(0.0158458 0.0235747 0)
(0.0378493 0.0258228 0)
(0.0604589 0.0272279 0)
(0.0828443 0.0277924 0)
(0.104494 0.0276779 0)
(0.124839 0.0270641 0)
(0.143594 0.0260076 0)
(0.160684 0.0245834 0)
(0.176039 0.0229471 0)
(0.189767 0.0211738 0)
(0.201852 0.019349 0)
(0.212476 0.017575 0)
(0.221691 0.0158329 0)
(0.229573 0.0141604 0)
(0.236245 0.0125818 0)
(0.24175 0.0110931 0)
(0.246212 0.00969967 0)
(0.249644 0.00837718 0)
(0.252197 0.00713748 0)
(0.253783 0.00594577 0)
(0.254653 0.00481852 0)
(0.254544 0.00370627 0)
(0.253919 0.00262788 0)
(0.252137 0.00154722 0)
(0.250159 0.000356223 0)
(0.246441 -0.000809218 0)
(0.243173 -0.00238142 0)
(0.236791 -0.00366297 0)
(0.231305 -0.00674854 0)
(0.218981 -0.00917904 0)
(0.208852 -0.0194187 0)
(0.181388 -0.0333708 0)
(0.16769 -0.0754531 0)
(0.107307 -0.139496 0)
(0.124033 -0.206228 0)
(0.0629482 0.0571758 0)
(0.0688621 0.0426078 0)
(0.0931182 0.0290609 0)
(0.114023 0.0212178 0)
(0.130445 0.0172659 0)
(0.145901 0.0154598 0)
(0.162306 0.0147205 0)
(0.179976 0.0144937 0)
(0.198639 0.0143472 0)
(0.217688 0.0141464 0)
(0.236576 0.0138361 0)
(0.254921 0.013362 0)
(0.272482 0.0127597 0)
(0.289038 0.0120873 0)
(0.304495 0.0113469 0)
(0.318755 0.0106005 0)
(0.331894 0.00983364 0)
(0.343776 0.00913323 0)
(0.354645 0.00840686 0)
(0.364353 0.007773 0)
(0.373146 0.00710394 0)
(0.380883 0.00654509 0)
(0.387804 0.00592742 0)
(0.393778 0.00543633 0)
(0.399005 0.00485622 0)
(0.40338 0.00442147 0)
(0.407037 0.003861 0)
(0.40992 0.00346559 0)
(0.412101 0.00287786 0)
(0.413483 0.0024582 0)
(0.414298 0.00189488 0)
(0.413799 0.00112781 0)
(0.41267 0.00119305 0)
(0.409435 -0.000519785 0)
(0.404096 0.000735287 0)
(0.393498 -0.00468255 0)
(0.373554 -0.00259677 0)
(0.343605 -0.021722 0)
(0.273246 -0.0266996 0)
(0.218486 -0.0756705 0)
)
;

boundaryField
{
    movingWall
    {
        type            fixedValue;
        value           uniform (1 0 0);
    }
    fixedWalls
    {
        type            noSlip;
    }
    frontAndBack
    {
        type            empty;
    }
}


// ************************************************************************* //
